params: {'W1': array([[-1.97355817e-04, -4.55710752e-05,  5.26178469e-05, ...,
         7.92494870e-05,  1.10537451e-05, -1.88437580e-04],
       [-1.62167669e-05,  1.55803529e-04, -8.41478956e-06, ...,
        -2.06250511e-05,  1.38906178e-04,  1.71787384e-04],
       [ 1.77315397e-04,  2.06842767e-04, -1.05674432e-04, ...,
         4.73145638e-05,  9.60475158e-06, -1.19016844e-04],
       ...,
       [ 2.38200607e-04, -9.91232492e-05, -5.69173062e-05, ...,
         6.12074030e-05, -9.12934276e-05,  1.15830120e-04],
       [ 1.14982564e-04,  5.88173932e-05,  1.60214866e-04, ...,
         6.43753672e-05, -5.64312432e-05,  5.19659709e-05],
       [-4.95698285e-05,  4.78099425e-05,  1.27217870e-04, ...,
         5.50549469e-05,  1.19695218e-04,  8.91598403e-05]]), 'b1': array([ 4.29431802e-01, -2.89494899e-01, -4.27182860e-01,  9.69876667e-01,
       -6.06195238e-02, -8.14646477e-02, -4.49450559e-01, -3.37200036e-01,
       -6.46560912e-02,  7.37176376e-01, -2.28235903e-01, -7.96942145e-01,
       -1.40469478e-01,  1.66035704e+00, -9.14964445e-02, -8.06023887e-02,
        7.14624182e-01, -3.61678075e-01, -7.49872068e-01, -1.09594396e-01,
       -3.68877281e-03, -3.79852353e-01, -9.62289610e-02, -5.88590041e-01,
       -1.19370271e-01, -1.02101635e-01, -1.67666182e-01, -1.23762407e-01,
       -4.43823893e-01,  5.37842861e-02, -6.71989667e-02, -9.73494977e-02,
       -1.54079488e-01, -1.78428114e-01, -1.44829801e-01, -1.64057960e-01,
       -2.87010011e-01,  2.22422976e-02, -5.49181423e-01, -3.27469459e-01,
       -1.96053375e-01, -3.45934375e-02, -2.88688230e-01,  3.55824899e-01,
        1.17698220e-01, -9.14939183e-01, -3.61734082e-01, -7.15700110e-02,
       -5.44156710e-02, -2.08991267e-02, -2.65131223e-01,  1.01498434e-01,
       -3.44721106e-01, -4.11381034e-01,  5.76663386e+00, -8.47554287e-02,
       -1.31019954e-01, -1.57631523e-01, -2.10916324e-01, -4.31437870e-01,
        2.85316858e-01, -1.06534785e-01,  6.30909631e-01,  1.19733990e-01,
        5.74122641e-01, -8.22029332e-01, -8.93847198e-02, -8.31371249e-02,
        1.98172288e-01, -6.64902897e-02, -2.46933584e-01, -3.88337367e-01,
       -2.49986112e-01, -3.83167633e-01,  3.30155801e-02,  9.98479951e+00,
       -3.72975074e-01, -2.59575935e-01, -1.00477323e-01, -1.43300961e-01,
       -4.19310383e-01, -1.56871414e-01, -5.92107250e-01,  4.63159292e-01,
       -3.96353094e-01,  3.23919389e+00, -9.12706022e-02, -6.76219896e-02,
        5.24978083e+00, -1.03478756e+00, -1.72304621e-01, -2.15492761e-01,
       -5.42749387e-01, -9.08248494e-02, -4.78320487e-01,  7.10837841e-02,
       -3.90502140e-01,  2.54442284e-01,  1.16162860e+00, -2.36839315e-01,
       -7.20821244e-02, -1.22730204e-01, -1.05010371e-01, -2.19127139e-01,
       -9.58256930e-02, -3.74728383e-01, -4.10383651e-01, -2.65810270e-01,
       -6.96597465e-01, -1.69083295e-01, -2.19291721e-01, -8.20674630e-01,
       -1.33725953e-01,  4.75599882e-01, -2.54483105e-01, -1.30219171e-01,
       -3.12983346e-01, -1.48966647e-01, -1.35848153e-01, -9.60140163e-02,
       -1.33521838e-01, -1.61046927e-01, -4.23575142e-01, -2.10870041e-01,
       -1.28336641e-01, -2.78193473e-01,  5.01151327e-01, -9.11706585e-03]), 'W2': array([[ 0.0311944 , -0.48716929,  0.18726702, ..., -0.68920979,
         1.23643471, -0.94902523],
       [ 0.22998058, -0.42532495,  0.06465418, ..., -0.09603845,
        -0.13317438,  0.18040437],
       [ 0.45610706, -0.18306558,  0.84272417, ..., -0.4060915 ,
        -0.33785453,  0.05228031],
       ...,
       [ 0.1649268 ,  0.01409837,  0.03387679, ..., -0.0414201 ,
        -0.17274565, -0.03480851],
       [-0.2452232 ,  0.22449359,  0.7550399 , ..., -0.35398373,
        -0.57963954, -1.10036453],
       [-0.2789705 ,  0.03011031,  0.38630609, ..., -0.09049424,
        -0.12009786, -0.08475333]]), 'b2': array([-2.10597159, -0.50406583, -1.15288172, -1.66114062,  1.64749246,
        0.39926998, -0.76522047,  0.86133687,  0.01126165,  3.26991927])}activate function: sigmoid